                     CLIMATOLOGICAL SUMMARY for year 2022


NAME: Clahane, Clare, Ireland                  
ELEV: 20 meters    LAT: 52-56.11 N    LONG: 009-25.03 W


                                       TEMPERATURE (C)

                              HEAT    COOL                              MAX    MAX    MIN    MIN
          MEAN   MEAN         DEG     DEG                                >=     <=     <=     <=
 YR  MO   MAX    MIN    MEAN  DAYS    DAYS      HI  DAY     LOW  DAY     30      0      0    -20
------------------------------------------------------------------------------------------------
2022 01
2022 02
2022 03
2022 04
2022 05
2022 06
2022 07
2022 08
2022 09   17.5   10.3   13.5  109.3    0.0    21.6   08     5.3   17      0      0      0      0
2022 10   15.1   10.3   12.5  180.5    0.0    17.7   27     6.4   13      0      0      0      0
2022 11   12.1    7.6    9.9  253.9    0.0    15.6   11     1.7   19      0      0      0      0
2022 12    6.2   -0.1    2.5  253.5    0.0    11.5   01    -4.2   12      0      1     11      0
------------------------------------------------------------------------------------------------
          13.3    7.8   10.4  797.2    0.0    21.6  Sep    -4.2  Dec      0      1     11      0


                  PRECIPITATION (cm)

                  MAX         ---DAYS OF RAIN---
                  OBS.               OVER
 YR  MO  TOTAL    DAY  DATE   0.03   0.30   3.00
------------------------------------------------
2022 01
2022 02
2022 03
2022 04
2022 05
2022 06
2022 07
2022 08
2022 09   4.24   1.28    11      8      4      0
2022 10  10.50   1.96    04     24     10      0
2022 11  15.92   2.02    24     27     15      0
2022 12   0.88   0.48    16      5      1      0
------------------------------------------------
         31.54   2.02   Nov     64     30      0


           WIND SPEED (km/h)

                                DOM
 YR  MO    AVG     HI   DATE    DIR
-----------------------------------
2022 01
2022 02
2022 03
2022 04
2022 05
2022 06
2022 07
2022 08
2022 09   12.7   83.7     30    323
2022 10   22.0   98.2     17    194
2022 11   24.8  101.4     02    198
2022 12    8.3   45.1     16     77
-----------------------------------
          18.6  101.4    Nov    197
